    4        26 71    871   694   6     4   2 59 67 8   8     2   658   471  7 94 85        7      
    4        26 71    871   694   6     4   2 59 67 8   8     2   658   471  7 94685        7      
    4        26 71    871   694   6     4   2 59 67 8   8     2   658   471  7 946853       7      
  6 4        26 71    871   694   6     4   2 59 67 8   8     2   658   471  7 946853       7      
  6 4        26 71    871   694   6     4   2 59 67 8   8     2   658   471  7 946853       7      
  6 4   7    26 71    871   694   6     4   2 59 67 8   8     2   658   471  7 946853       7      
  6 4   7    26 71    871   694   6     4   2 59 67 8   8     2   658   471  7 946853       7      
  6 4   7    26 71    871   694   6     4   2 59 67 8   8   4 2   658   471  7 946853       7      
  6 4   7    26 71    871   694   6     4   2 59 6718   8   4 26  658   471  7 946853       7      
  6 4   7    26 71    871   694   6     4   2 59 6718   8   4 26  658   471  7 946853       7      
  6 4   7    26 71    871   694   6     4   2 59 6718   8   4 26  658   471  7 9468532      7 869  
  6 4   7    26 71    871   694   6     4   2 59 6718   8   4 26  658   471  7 9468532      7 869  
  6 4   7    26 71    871   694   6     4   2 59 6718   8   4 26  658   471  7 9468532      7 869  
  6 4 2 7    26 71 3  871   694   6     4   2 59 6718   8   4 26  658   471  7 9468532      7 869  
  6 4 2 7    26 71 3  871   694   6     4   2459 6718   8   4 26  658   471  7 9468532      7 869  
  6 4 2 7    26 71 3  871   694   6     4   2459 6718   8   4 26  658   471  7 9468532      7 869  
  6 4 2 7    26 71 3  871   694   6     45  2459 6718   8   4 26  658   471  719468532   2  7 869  
  6 4 2 7    26 71 3  871   694   6     45  2459 6718   8   4 26  658   471  719468532   2  7 869  
  6 4 2 7    26 71 3  871   694   6     45  2459 6718   8   4 26  658   471  719468532   2  7 869  
  6 4 2 7  4 26 71 3  871   694   6     45  2459 6718   8   4 26  658   471  719468532   2  7 869  
  6 4 2 7  4 26 71 3  871   694   6     45  2459 6718   8   4 26  658   471  719468532   2  7 869  
  6 4 2 7  4 26 71 3  871   694   6     45  2459 6718   8   4 26  658   471  719468532   2  7 869  
  6 4 2 7  4 26 71 3  871   694   6     45  2459 6718   8   4 26  658   471  719468532   2  7 869  
  6 4 2 7  4 26 71 3  871   694   6     45  2459 6718   8   4 26  658   471  719468532   2  7 869  
  6 4 2 7  4 26 71 3  871   694   6     45  2459 6718   8   4 26  658   471  719468532  324 7 869  
  6 4 2 7  4 26 71 3  871   694   6     45  2459 6718   8   4 26  658   471  719468532  324 7 869  
  6 4 2 7  4 26 71 3  871   694   6     45  2459 6718   8   4 26  658   471  719468532  324 7 869  
536 4 2 7  4926 71 3  871   694   6     45  2459 6718   8   4 26  658   471  719468532  324 7 869  
 36 492 7  4926 71 3  871   694   6     45  2459 6718   8   4 26  658   471  719468532  324 7 869  
 36 492 7  4926 71 3  871   694   6     45  2459 6718   8   4 26  658   471  719468532  324 7 869  
 36 492 7  4926 71 3  871   694   6     45  2459 6718   8   4 26  658   471  719468532  324 7 869  
 36 492 7  4926 71 3  871   694   6     45  2459 6718   8   4 26  658   471  719468532  324 7 869  
 36 492 7  4926 71 3  871   694   6     45  2459 6718   8   4 26  658   471  719468532  324 7 869  
 36 492 7  4926 71 3  871   694   6     45  2459 6718   8   4 26  658 9 471  719468532  324 7 869  
 36 492 7  4926 71 3  871   694   6     45  2459 6718   8   4 26  658 9 471  719468532  324 7 869  
536 492 7  4926 71 3  871   694   6     45  2459 6718   8   4 26  658 9 471  719468532  324 7 869  
5361492 7  4926871 3  871   694   6     45  2459 6718   8   4 26  658 9 471  719468532  324 7 869  
536149287  492687153  871   694   6     45  2459 6718   8   4 26  658 9 471  719468532  324 7 869  
 36149287  492687153  871   694   6     45  2459 6718   8   4 26  658 9 471  719468532  324 7 869  
 36149287  492687153  871   694   6 8   45  2459 6718   8   4 26  658 9 471  719468532  324 7 869  
 36149287  492687153  871   694   6 8   45  2459 6718   8   4 26  658 9 471  719468532  324 7 869  
 36149287  492687153  871   694   6 8   45  2459 6718   8   4 26  658 9 471  719468532  324571869  
 36149287  492687153  871   694   6 8   45  2459 6718   8   4 26  658 9 471  719468532  324571869  
536149287  492687153  871   694   6 8   45  2459 6718   8   4 26  658 9 471  719468532  324571869  
536149287  492687153  871   694   6 8   45  2459 6718   8   4 26  658 9 471  719468532  324571869  
536149287  492687153  871   694   6 8   45  2459 6718   8   4 26  658 9 471  719468532  324571869  
 36149287  492687153  871   694   6 8   45  2459 6718   8   4 26  658 9 471  719468532  324571869  
 36149287  492687153  871   694   6 8   45  2459 6718   8 754 26  658 9 471  719468532  324571869  
 36149287  492687153  871   694   6 8   45  2459 6718   8 754 26  658 9 471  719468532  324571869  
 36149287  492687153  871   694   6 8   45  2459 6718   8 754 26  658 9 471  719468532  324571869  
 36149287  492687153  871   694   6 8   45  2459 6718   8 754 26  658 9 471  719468532  324571869  
536149287  492687153  871   694   6 8   45  2459 6718   8 754 26  658 9 471  719468532  324571869  
 36149287  492687153  871  5694   6 8   45  2459 6718   8 754 26  658 9 471  719468532  324571869  
 36149287  492687153  871  5694   6 8   45  2459 6718   8 754 26  658 9 471  719468532  324571869  
 36149287  492687153  871  5694   678   45  2459 6718   8 754 26  658 9 471  719468532  324571869  
