    4        26 71    871   694   6     4   2 59 67 8   8     2   658   471    94 85        7      
    4        26 71    871   694   6     4   2 59 67 8   8   4 2   658   471    94 85        7      
    4        26 71    871   694   6     4   2 59 6718   8   4 26  658   471    94 85        7      
    4        26 71    871   694   6     4   2 59 6718   8   4 26  658   471  7 94 85        7      
    4        26 71    871   694   6     4   2 59 6718   8   4 26  658   471  7 94685        7      
    4        26 71    871   694   6     4   2 59 6718   8   4 26  658   471  7 946853       7 869  
  6 4        26 71    871   694   6     4   2 59 6718   8   4 26  658   471  7 946853       7 869  
  6 4        26 71    871   694   6     4   2 59 6718   8   4 26  658   471  7 946853       7 869  
  6 4   7    26 71    871   694   6     4   2459 6718   8   4 26  658   471  7 946853       7 869  
  6 4   7    26 71    871   694   6     4   2459 6718   8   4 26  658   471  7 946853       7 869  
  6 4   7    26 71    871   694   6     45  2459 6718   8   4 26  658   471  7 946853       7 869  
  6 4   7    26 71    871   694   6     45  2459 6718   8   4 26  658   471  7 946853       7 869  
